0000000000000000000000
0000000000000000000000
0000000000000000000000
0001111111001111111000
0001111111001111111000
0001111111001111111000
0001111111001111111000
0001111111001111111000
0001111111001111111000
0001111111001111111000
0000000000000000000000
0000000000000000000000
0001111111001111111000
0001111111001111111000
0001111111001111111000
0001111111001111111000
0001111111001111111000
0001111111001111111000
0001111111001111111000
0000000000000000000000
0000000000000000000000
0000000000000000000000
#